0.488 0.251 0.835 5.788 
0.559 0.356 0.802 6.749 
0.574 0.126 0.83 7.648 
0.578 0.13 0.82 7.699 
0.593 0.136 0.844 7.761 
0.594 0.134 0.853 8.14 
0.581 0.134 0.836 8.013 
0.577 0.138 0.854 7.873 
0.578 0.134 0.851 8.154 
0.595 0.139 0.84 7.65 
0.589 0.138 0.85 7.835 
0.578 0.137 0.846 8.127 
0.591 0.137 0.859 8.231 
0.587 0.138 0.845 8.017 
0.586 0.14 0.843 7.889 
0.585 0.139 0.857 8.021 
0.576 0.141 0.865 8.151 
0.589 0.139 0.833 8.252 
0.596 0.137 0.861 7.838 
0.586 0.138 0.831 8.122 
0.59 0.138 0.88 8.062 
0.595 0.141 0.846 8.076 
0.581 0.143 0.85 8.204 
0.599 0.137 0.843 8.079 
0.58 0.139 0.857 8.054 
