0.0225052 0.0436802 0.149588 0.0215961 
0.0357655 0.0561261 0.309078 0.0367439 
0.0661895 0.300462 0.594706 0.0645864 
0.127914 0.566772 1.20195 0.128065 
0.246039 1.07092 2.33282 0.253832 
0.48748 2.15356 4.61238 0.483757 
0.994133 4.28273 9.41211 0.982533 
1.99822 8.34607 18.4178 1.99976 
3.98929 17.1418 36.9603 3.86147 
7.7402 32.9686 74.9358 8.23203 
15.6417 66.4717 148.025 16.0744 
31.8444 133.615 297.5 30.995 
62.3464 268.098 586.326 61.2036 
125.533 532.383 1191.58 125.677 
251.537 1049.31 2389.3 255.436 
503.711 2111.7 4698.59 502.438 
1022.82 4154.42 9309.69 988.926 
2002.54 8486.31 19334.4 1953.48 
3952.44 17169.9 37420.5 4113.38 
8041.06 34058.9 77572.2 7939.53 
15993.6 68036.8 146477 15997.6 
31698.5 133016 304564 31936.4 
64865.2 262175 606530 62878.8 
126006 548255 1.22276e+06 127700 
259930 1.07884e+06 2.40721e+06 256205 
