1024, 1.17097, 1.16088, 1.14883, 0.978776, 0.290299, 0.178016, 0.155937, 0.0656371
2048, 1.14653, 1.14858, 1.17008, 1.13917, 1.00361, 0.259879, 0.148741, 0.0923781, 0.0594854
4096, 1.15333, 1.13754, 1.14708, 1.15707, 1.13669, 0.588955, 0.326136, 0.136948, 0.0777275, 0.056088
8192, 1.16921, 1.17309, 1.16119, 1.16574, 1.20076, 1.17458, 0.678331, 0.324553, 0.123806, 0.0781531, 0.0589686
16384, 1.15929, 1.16068, 1.15073, 1.17499, 1.1818, 1.16778, 1.1854, 0.866849, 0.31273, 0.123145, 0.0771144, 0.0576871
32768, 1.15199, 1.16098, 1.16237, 1.15547, 1.16511, 1.15758, 1.18853, 1.17929, 0.965961, 0.284972, 0.123252, 0.0747554, 0.0593746
65536, 1.16433, 1.25492, 1.29598, 1.34836, 1.49389, 2.00855, 1.55035, 1.56764, 1.70699, 1.62461, 0.431067, 0.122283, 0.0849469, 0.061299
131072, 1.19937, 1.36772, 1.24088, 1.324, 1.71926, 1.5595, 1.29501, 1.27619, 1.35976, 1.49554, 1.5058, 0.428991, 0.120082, 0.0751992, 0.0574919
262144, 1.14563, 1.15857, 1.18298, 1.21454, 1.20086, 1.17932, 1.21848, 1.23265, 1.32423, 1.31916, 1.45136, 1.88534, 0.438144, 0.119399, 0.117885, 0.0566968
524288, 1.21572, 1.36253, 1.6337, 2.08175, 2.25299, 1.56906, 2.37865, 1.51008, 1.47796, 2.07705, 3.00863, 3.40976, 2.25926, 0.619296, 0.187202, 0.113816, 0.0618116
1048576, 1.21082, 1.24039, 1.28841, 1.36918, 1.57957, 1.60036, 2.23235, 1.80303, 1.61041, 2.00164, 2.70123, 3.86106, 3.3265, 2.42417, 0.671425, 0.179393, 0.126012, 0.0603588
2097152, 1.21369, 1.31891, 1.62755, 1.69166, 1.6365, 2.05208, 3.03904, 2.58077, 5.51153, 4.54719, 6.498, 5.23975, 4.19327, 2.79803, 1.49437, 0.523264, 0.125295, 0.0943046, 0.0575751
4194304, 1.15825, 1.18198, 1.15442, 1.20954, 1.31609, 1.80351, 2.20455, 2.48847, 2.69926, 2.79237, 4.66888, 6.64273, 6.63955, 9.32431, 5.89837, 3.29958, 0.642237, 0.141166, 0.137048, 0.0580156
8388608, 1.20249, 1.32097, 1.67435, 1.33395, 1.55824, 2.85172, 3.75226, 5.02698, 3.24134, 3.42272, 6.567, 9.53477, 10.1178, 10.3768, 10.5008, 6.11934, 3.38634, 1.13631, 0.153315, 0.132609, 0.0552235
16777216, 1.20091, 1.25186, 1.22886, 1.30669, 2.02499, 2.43516, 3.1894, 3.86011, 3.52941, 4.3642, 4.15832, 8.1117, 7.94818, 11.1479, 11.1791, 11.1249, 6.42569, 3.80968, 1.35658, 0.163978, 0.153178, 0.0519948
33554432, 1.30201, 1.37169, 1.61166, 2.16759, 4.25906, 7.50528, 9.21532, 8.55083, 11.902, 23.099, 17.1782, 30.6321, 27.595, 36.8112, 38.5171, 51.1236, 11.2919, 6.15729, 3.99766, 1.4833, 0.141763, 0.127377, 0.0480858
67108864, 1.17853, 1.26005, 1.38792, 1.89539, 3.30952, 6.02853, 6.88411, 8.333, 16.7457, 17.3427, 23.3004, 48.8865, 64.1017, 66.7998, 66.6635, 57.4261, 12.5485, 12.1889, 6.19948, 3.61793, 0.507474, 0.21651, 0.171061, 0.0532309
134217728, 1.25304, 1.35707, 1.9793, 2.25724, 4.1078, 7.20669, 8.1409, 9.2908, 16.663, 14.905, 31.1109, 64.1664, 55.9261, 79.7526, 78.5819, 83.3187, 64.9434, 27.0003, 12.5463, 6.69563, 3.09304, 0.614193, 0.19538, 0.163709, 0.0547587
268435456, 1.27049, 1.32823, 2.15022, 2.05537, 5.07674, 8.55726, 11.3558, 17.9826, 17.3784, 23.6107, 43.2536, 69.8485, 64.9612, 85.6586, 87.6445, 86.2309, 77.4088, 74.0879, 40.7289, 12.8626, 6.49689, 3.8264, 1.44659, 0.190125, 0.174724, 0.0514404
536870912, 1.30225, 1.49151, 1.61975, 2.31926, 5.40539, 7.89967, 9.16374, 14.7464, 14.2315, 20.5695, 34.2169, 58.0263, 57.6451, 89.835, 92.7449, 93.4578, 84.8037, 80.4862, 81.551, 53.5372, 13.342, 6.69134, 4.14745, 1.62849, 0.260544, 0.17306, 0.0587185
1073741824, 1.30359, 1.43583, 1.98246, 1.9966, 4.29925, 7.65583, 10.4317, 10.9759, 14.2374, 19.718, 33.5057, 61.7642, 68.1958, 90.8947, 94.123, 96.0325, 95.3761, 86.5718, 86.8066, 87.6911, 55.2343, 13.6014, 7.49646, 4.23068, 2.08753, 0.252885, 0.132767, 0.0537781