1024, 2.29968, 2.38943, 2.09731, 2.60141, 0.565318, 0.371747, 0.253612, 0.104304
2048, 2.54631, 2.49537, 2.38275, 2.66368, 2.36572, 0.469144, 0.353684, 0.180527, 0.110614
4096, 2.23552, 2.228, 2.31775, 2.2631, 2.31423, 2.4533, 0.453392, 0.345955, 0.210269, 0.089603
8192, 2.2798, 2.21928, 2.21033, 2.24925, 2.25023, 2.30787, 2.28425, 0.436555, 0.359958, 0.200702, 0.095102
16384, 2.31951, 2.22451, 2.22184, 2.40965, 2.23691, 2.24291, 2.3305, 2.44973, 0.419782, 0.318955, 0.191023, 0.125239
32768, 2.27495, 2.30538, 2.36536, 2.31022, 2.2329, 2.31245, 2.30916, 2.31683, 2.14431, 0.448901, 0.276715, 0.187597, 0.122572
65536, 2.24957, 2.59786, 3.07651, 2.45401, 4.49571, 5.35067, 5.43507, 5.09333, 4.88206, 4.76048, 0.916017, 0.287219, 0.192636, 0.103943
131072, 2.78915, 2.21473, 2.38728, 2.21418, 5.6824, 5.69604, 5.75913, 5.55289, 5.745, 5.65166, 5.13848, 0.984929, 0.353337, 0.248111, 0.111463
262144, 2.67813, 2.29368, 2.50542, 2.33686, 4.83268, 5.56426, 5.16685, 5.01064, 5.0454, 6.07098, 5.02946, 4.96242, 0.916054, 0.317026, 0.182253, 0.0694143
524288, 2.50122, 2.39414, 2.57886, 2.61521, 4.7462, 5.07789, 5.41251, 5.79532, 6.97025, 5.73983, 8.12006, 8.20288, 5.73155, 1.31078, 0.532939, 0.184384, 0.100265
1048576, 2.59676, 2.40705, 2.33485, 2.3404, 5.55701, 5.85683, 6.38601, 5.68085, 6.72438, 6.95634, 9.81328, 9.323, 8.26775, 4.81885, 1.30661, 0.487335, 0.239007, 0.151967
2097152, 2.39289, 2.43198, 2.53178, 2.60479, 5.03684, 6.41978, 12.1676, 15.9685, 12.7133, 13.4414, 20.6318, 8.93155, 8.11692, 7.96272, 4.05312, 1.25093, 0.428457, 0.244827, 0.0244835
4194304, 2.41115, 2.28454, 2.51081, 2.35009, 5.30131, 8.21042, 13.0081, 13.2852, 13.5275, 18.1119, 26.3829, 19.7482, 16.5655, 18.3341, 17.6467, 3.10567, 1.30761, 0.597616, 0.188792, 0.103839
8388608, 2.62992, 2.5682, 3.22416, 3.93791, 8.56876, 15.9511, 34.0631, 40.7639, 33.3505, 40.1881, 49.0131, 42.614, 36.7785, 32.2652, 32.3144, 20.815, 4.77642, 1.37897, 0.442324, 0.189399, 0.0339057
16777216, 2.56007, 2.47949, 2.94683, 4.99137, 10.554, 21.8166, 53.0592, 62.46, 59.4156, 65.357, 162.387, 132.201, 133.923, 119.443, 106.337, 117.491, 48.3173, 6.23722, 1.36791, 0.456719, 0.219826, 0.0469256
33554432, 2.38315, 2.36851, 3.18092, 4.88906, 9.66468, 22.7823, 57.7369, 71.4489, 65.559, 62.3073, 193.603, 191.455, 152.97, 153.315, 155.93, 155.999, 131.394, 33.2569, 6.45933, 1.3022, 0.559016, 0.209881, 0.0461801
67108864, 2.64664, 2.42563, 2.88225, 4.8008, 9.96427, 25.0123, 56.8461, 77.3226, 87.4956, 113.268, 182.963, 179.754, 172.592, 155.678, 147.825, 177.318, 146.332, 109.924, 59.6995, 9.7331, 1.91049, 0.575576, 0.254603, 0.162945
134217728, 2.64565, 2.80067, 3.40721, 5.5483, 10.4437, 25.8121, 57.8434, 78.856, 89.0325, 104.103, 196.348, 203.162, 199.423, 199.613, 197.309, 188.427, 193.11, 175.48, 119.705, 40.8754, 6.39797, 1.36045, 0.456871, 0.232754, 0.0860491